0.009900
0.015977
0.022010
0.028072
0.039815
0.053056
0.060631
0.067815
0.074187
0.080476
0.085827
0.091550
0.098242
0.103902
0.109703
0.115545
0.121537
0.127364
0.133320
0.139076
0.144856
0.150792
0.156717
0.162735
0.168768
0.174894
0.181835
0.187291
0.192567
0.197978
0.203239
0.208723
0.214198
0.219833
0.225459
0.231288
0.237088
0.243035
0.248956
0.255012
0.261073
0.267304
0.272572
0.278038
0.283518
0.289126
0.294678
0.300588
0.306351
0.314330
0.320605
0.326959
0.333163
0.339279
0.345355
0.351289
0.357400
0.363547
0.369839
0.375125
0.380594
0.386055
0.391689
0.397314
0.403125
0.408961
0.414975
0.420880
0.426957
0.433046
0.439322
0.444643
0.450166
0.455670
0.461362
0.467098
0.472985
0.478900
0.484959
0.490990
0.497164
0.503312
0.508702
0.514018
0.519510
0.524972
0.530602
0.536271
0.542112
0.547911
0.553870
0.559811
0.565913
0.572024
0.578303
0.583589
0.589088
0.594611
0.600280
0.606010
0.611913
0.617846
0.623905
0.629984
0.636188
0.641408
0.647845
0.658178
0.665690
0.674817
0.680578
0.686930
0.692900
0.698962
0.705014
0.711261
0.717403
0.722834
0.728144
0.733789
0.739466
0.745298
0.751075
0.757002
0.762917
0.768969
0.775003
0.781216
0.787259
0.793530
0.799712
0.805120
0.810430
0.815944
0.821337
0.826982
0.832508
0.838232
0.843978
0.849895
0.855808
0.861873
0.867947
0.874198
0.879596
0.885933
0.892179
0.898340
0.904595
0.910659
0.916673
0.922966
0.929257
0.935562
0.941748
0.948091
0.954239
0.960705
0.966921
0.972944
0.979182
0.985405
0.990832
0.996297
1.001936
1.007642
1.013574
1.019480
1.025624
1.031686
1.037986
1.043256
1.048726
1.054200
1.059925
1.065685
1.071710
1.077704
1.083843
1.089947
1.096249
1.101590
1.107120
1.112642
1.118952
1.124689
1.131050
1.136960
1.143082
1.149208
1.155454
1.160822
1.166397
1.172011
1.177859
1.183726
1.189760
1.195855
1.202097
1.207405
1.212896
1.218390
1.224117
1.229849
1.235764
1.241645
1.247717
1.253796
1.259143
1.266236
1.275920
1.283902
1.293151
1.299342
1.304750
1.310149
1.315857
1.321576
1.327479
1.333404
1.339579
1.345709
1.351819
1.357913
1.364128
1.370354
1.376620
1.382904
1.389222
1.394761
1.400283
1.405905
1.411518
1.417443
1.423358
1.429279
1.435195
1.441208
1.447434
1.453618
1.459915
1.465308
1.470757
1.476230
1.481747
1.487535
1.493285
1.499393
1.505080
1.510752
1.516742
1.522719
1.528637
1.534747
1.540853
1.546853
1.552889
1.558941
1.565108
1.571274
1.577406
1.583729
1.589980
1.595204
1.600793
1.606308
1.612013
1.617555
1.623185
1.628890
1.635027
1.640583
1.646759
1.652307
1.658017
1.663651
1.670376
1.676700
1.682911
1.688801
1.694856
1.701704
1.708194
1.714487
1.720810
1.726899
1.733795
1.739496
1.745068
1.750369
1.755843
1.761349
1.767004
1.772541
1.778341
1.783922
1.789802
1.795591
1.801626
1.807622
1.813819
1.820012
1.826291
1.831775
1.837436
1.843108
1.848988
1.854850
1.869234
1.894115
1.916521
1.934394
1.952458
1.982328
2.022377
2.051324
2.100041
2.163665
2.234532
2.330369
2.398820
2.477731
2.556192
2.636772
2.693189
2.778762
2.887263
2.975595
3.062665
3.141987
3.201827
3.272429
3.348750
3.416985
3.481631
3.554108
3.619302
3.684267
3.740729
3.815832
3.893931
3.967228
4.033688
4.094182
4.152092
4.216887
4.289891
4.368299
4.452297
4.525923
4.602428
4.683338
4.753920
4.828924
4.900984
4.966959
5.041849
5.109010
5.178649
5.247077
5.293739
5.360952
5.416625
5.473563
5.521334
5.597231
5.659744
5.721396
5.764755
5.816034
5.872095
5.919280
5.968659
6.000538
6.067389
6.114971
6.157328
6.228354
6.264055
6.302093
6.345139
6.378333
6.423236
6.449352
6.476295
6.496044
6.513892
6.529060
6.554383
6.567455
6.598121
6.609173
6.615028
6.627999
6.636640
6.644745
6.660893
6.666811
6.675659
6.689337
6.697740
6.713165
6.718749
6.724197
6.729820
6.737469
6.742996
6.748555
6.754344
6.760038
6.765972
6.771829
6.777808
6.783746
6.789877
6.795996
6.801319
6.806649
6.812201
6.817708
6.823412
6.829113
6.835003
6.840870
6.846926
6.852965
6.859203
6.865405
6.871726
6.877189
6.882818
6.888471
6.894337
6.900187
6.906248
6.912277
6.918514
6.923784
6.930265
6.936591
6.942714
6.948766
6.954686
6.960334
6.966449
6.972068
6.977534
6.983170
6.988984
6.994765
7.000615
7.006441
7.012781
7.018810
7.025011
7.031209
7.037561
7.043743
7.049954
7.056170
7.062546
7.068853
7.074189
7.079445
7.085750
7.091250
7.096896
7.102599
7.108584
7.114501
7.120625
7.126717
7.132025
7.137364
7.142963
7.148546
7.154359
7.160252
7.166085
7.171779
7.177541
7.183648
7.189384
7.195050
7.200963
7.206788
7.212478
7.218300
7.224110
7.230449
7.236468
7.242681
7.248873
7.254319
7.259726
7.265355
7.270916
7.276716
7.282473
7.288425
7.294342
7.300442
7.306518
7.312726
7.318934
7.324374
7.329727
7.335284
7.340847
7.346585
7.352319
7.358279
7.364195
7.370348
7.376474
7.381793
7.387143
7.392620
7.398284
7.403883
7.409615
7.415439
7.421141
7.427075
7.433136
7.439153
7.445285
7.451389
7.457692
7.462999
7.468441
7.473769
7.479261
7.484728
7.490400
7.495987
7.501759
7.507509
7.513464
7.519391
7.525542
7.531657
7.537959
7.543277
7.548822
7.554321
7.559982
7.565617
7.571479
7.577294
7.583341
7.589347
7.595556
7.601724
7.608051
7.613345
7.618821
7.624274
7.629898
7.635517
7.641351
7.647187
7.653212
7.659202
7.665454
7.671803
7.678214
7.683613
7.688902
7.694358
7.699991
7.705452
7.711741
7.717392
7.723739
7.729562
7.735636
7.741600
7.747814
7.753960
7.760269
7.765722
7.772100
7.778367
7.784499
7.790517
7.796571
7.802378
7.808007
7.814167
7.819674
7.825101
7.831442
7.837039
7.842846
7.848593
7.854549
7.860392
7.866428
7.872345
7.878395
7.884388
7.890508
7.896587
7.902792
7.908951
7.914304
7.919629
7.926147
7.931961
7.938150
7.944244
7.950088
7.956189
7.962158
7.968329
7.974391
7.980613
7.986707
7.992933
7.999078
8.005353
8.010648
8.016174
8.021683
8.027294
8.032930
8.038731
8.044519
8.050443
8.056326
8.062341
8.068346
8.074502
8.080631
8.086908
8.092224
8.097724
8.103255
8.108941
8.114651
8.120517
8.126361
8.132372
8.138369
8.144492
8.150577
8.156781
8.162930
8.168307
8.173676
8.179270
8.184817
8.190539
8.196269
8.202169
8.208074
8.214159
8.220204
8.226386
8.231587
8.237039
8.242524
8.248118
8.254245
8.259770
8.265336
8.270981
8.277562
8.283959
8.290209
8.296336
8.302306
8.308172
8.313939
8.319550
8.326044
8.332441
8.338712
8.344852
8.350869
8.356734
8.362553
8.368327
8.374262
8.380080
8.385838
8.391805
8.397735
8.403775
8.409824
8.415982
8.422065
8.428368
8.434296
8.440443
8.446527
8.452699
8.458706
8.464907
8.470994
8.477252
8.482507
8.488017
8.493459
8.499132
8.504693
8.510445
8.516193
8.522139
8.528031
8.534140
8.540227
8.546489
8.551778
8.557232
8.562814
8.569310
8.575665
8.581901
8.588178
8.594383
8.600535
8.606611
8.612884
8.619234
8.625377
8.631706
8.637203
8.643682
8.650051
8.655473
8.660790
8.667130
8.672607
8.681386
8.686850
8.695381
8.703634
8.721971
8.733144
8.746689
8.771940
8.791049
8.809272
8.827575
8.848454
8.859234
8.882914
8.899555
8.934447
8.953382
8.990234
9.016075
9.058726
9.098665
9.145698
9.197797
9.247665
9.296404
9.340622
9.387758
9.440211
9.488056
9.538624
9.596710
9.624447
9.672986
9.710739
9.761331
9.798210
9.855815
9.898933
9.933786
9.966102
10.034454
10.082212
10.134854
10.182475
10.219441
10.264589
10.310951
10.373746
10.411462
10.455678
10.496099
10.540584
10.597498
10.639618
10.683845
10.743452
10.775306
10.823158
10.880979
10.919134
10.960710
11.008215
11.054359
11.098756
11.140182
11.200367
11.253375
11.316955
11.354943
11.398867
11.422103
11.451190
11.492222
11.527943
11.560857
11.602406
11.644308
11.673329
11.716301
11.754249
11.795596
11.826937
11.847929
11.893588
11.911677
11.935012
11.957991
11.991000
12.002117
12.022820
12.036733
12.056932
12.065721
12.081409
12.094775
12.117722
12.133968
12.154670
12.165652
12.189410
12.200370
12.208613
12.221589
12.230344
12.245984
12.251998
12.263044
12.278739
12.292543
12.306300
12.316849
12.328619
12.337170
12.348460
12.354377
12.365441
12.376307
12.382044
12.387784
12.393569
12.401471
12.406993
12.412458
12.417951
12.423412
12.429034
12.434777
12.440704
12.446626
12.452766
12.458853
12.465121
12.470370
12.475846
12.481284
12.486894
12.492437
12.498157
12.503856
12.509752
12.515598
12.521988
12.527962
12.534164
12.539349
12.544889
12.550261
12.555853
12.561309
12.566980
12.572519
12.578327
12.584036
12.589931
12.595786
12.601820
12.607803
12.613959
12.620047
12.626336
12.631631
12.637129
12.642577
12.648202
12.653732
12.660090
12.665837
12.671770
12.677770
12.683719
12.689521
12.695126
12.700754
12.707318
12.713659
12.719818
12.726073
12.732169
12.738416
12.744639
12.750764
12.756753
12.762968
12.769078
12.775114
12.781333
12.787502
12.792906
12.798267
12.803844
12.809366
12.815069
12.820707
12.826564
12.832327
12.838225
12.844037
12.850063
12.855969
12.862102
12.868168
12.874421
12.880604
12.886032
12.891377
12.896843
12.902303
12.907976
12.913512
12.919285
12.925088
12.931441
12.937421
12.943531
12.949694
12.955970
12.961468
12.967915
12.974206
12.980388
12.986510
12.992843
12.999232
13.004485
13.009972
13.015554
13.021068
13.026531
13.032959
13.038333
13.043945
13.049531
13.055421
13.061175
13.067062
13.072820
13.078711
13.084547
13.090511
13.096357
13.102311
13.108143
13.114100
13.119991
13.126146
13.132261
13.138599
13.143864
13.149372
13.154885
13.160512
13.166080
13.171838
13.177579
13.183470
13.189372
13.195399
13.201391
13.207496
13.213603
13.219854
13.226071
13.231488
13.236789
13.242222
13.247608
13.253252
13.258930
13.264547
13.270113
13.275625
13.281246
13.286816
13.292564
13.298304
13.304133
13.309939
13.315908
13.321793
13.327832
13.338159
13.343418
13.348865
13.359531
13.365082
13.374915
13.381004
13.390273
13.401125
13.406706
13.417694
13.426785
13.433090
13.441690
13.447747
13.457162
13.463326
13.479379
13.487611
13.498450
13.516560
13.527646
13.540991
13.551904
13.564954
13.576033
13.587496
13.600222
13.608659
13.627499
13.641950
13.658256
13.683257
13.706459
13.728749
13.743368
13.756866
13.790452
13.809085
13.831990
13.856335
13.873521
13.901554
13.936464
13.986803
14.014264
14.056999
14.093655
14.123617
14.162199
14.198963
14.238525
14.262994
14.309327
14.348430
14.392745
14.430393
14.488546
14.526491
14.566146
14.606580
14.653275
14.679061
14.730413
14.767062
14.798498
14.845104
14.884888
14.908621
14.960302
14.987678
15.033185
15.074301
15.111165
15.141914
15.194979
15.226189
15.255233
15.291434
15.314392
15.340224
15.387096
15.412868
15.463557
15.499906
15.547466
15.569479
15.598812
15.629667
15.667442
15.694081
15.731118
15.770482
15.797703
15.817623
15.847890
15.871451
15.910828
15.934193
15.957826
15.971485
16.001199
16.024942
16.059234
16.080190
16.100720
16.124989
16.144193
16.163769
16.176738
16.200172
16.227273
16.249216
16.270690
16.286389
16.307499
16.320727
16.340665
16.355261
16.378814
16.389601
16.402633
16.410865
16.429206
16.441606
16.455072
16.461186
16.481895
16.487693
16.513368
16.519163
16.530095
16.543402
16.556689
16.567849
16.583462
16.589176
16.599951
16.605772
16.614619
16.625023
16.635828
16.646665
16.657788
16.664017
16.674631
16.685356
16.691175
16.697739
16.713589
16.720077
16.726316
16.732434
16.745851
16.751482
16.757068
16.762643
16.768192
16.773941
16.779708
16.785347
16.790959
16.796615
16.802773
16.811408
16.817701
16.823784
16.830141
16.835375
16.841757
16.847154
16.852783
16.858323
16.864034
16.869695
16.875561
16.881375
16.887358
16.893290
16.901503
16.907355
16.913148
16.918957
16.924702
16.931090
16.942282
16.948456
16.953846
16.959178
16.969889
16.975672
16.981463
16.989332
16.995763
17.002057
17.010354
17.015908
17.021718
17.027377
17.038045
17.043608
17.050062
17.056405
17.067894
17.074179
17.084637
17.091191
17.097174
17.108072
17.114231
17.120239
17.131612
17.142873
17.149245
17.158718
17.165091
17.176364
17.182740
17.188990
17.200241
17.206345
17.212381
17.220491
17.226185
17.231751
17.240610
17.246944
17.258607
17.264970
17.273332
17.279382
17.290519
17.300953
17.306401
17.317239
17.325257
17.330749
17.339523
17.344775
17.353329
17.359443
17.369967
17.378830
17.387195
17.395153
17.403772
17.415211
17.426753
17.444552
17.455265
17.465884
17.471518
17.482231
17.491060
17.506915
17.514802
17.529689
17.550188
17.566031
17.585330
17.591813
17.606562
17.619132
17.631319
17.641865
17.661248
17.669900
17.687582
17.693982
17.722337
17.733042
17.757488
17.780395
17.798743
17.819318
17.829290
17.852153
17.863070
17.873469
17.908256
17.923988
17.942439
17.968630
17.985243
18.007518
18.029240
18.051241
18.066957
18.116524
18.142490
18.157407
18.181665
18.210175
18.243959
18.260829
18.298001
18.320216
18.341374
18.373174
18.406284
18.446161
18.467018
18.499298
18.521075
18.546489
18.568902
18.600566
18.628927
18.655426
18.694316
18.715979
18.748912
18.775205
18.813958
18.839820
18.880766
18.908181
18.943547
18.961458
18.986136
19.015279
19.028178
19.052632
19.076118
19.098373
19.139105
19.164882
19.189232
19.217742
19.247299
19.273544
19.303812
19.331056
19.351547
19.379577
19.408863
19.429356
19.453893
19.474930
19.484181
19.509744
19.527913
19.544108
19.563921
19.582551
19.599057
19.620340
19.630712
19.654074
19.668430
19.681692
19.705608
19.722160
19.741023
19.757067
19.767682
19.783909
19.799076
19.819541
19.837690
19.863562
19.879531
19.893013
19.914862
19.926979
19.940149
19.965136
19.983738
19.997416
20.015272
20.031247
20.047396
20.058805
20.079872
20.091065
20.099499
20.117087
20.127663
20.145703
20.158860
20.169721
20.193620
20.209458
20.215866
20.227065
20.244768
20.253641
20.269205
20.275028
20.289031
20.297637
20.311077
20.319364
20.332652
20.338448
20.349622
20.363096
20.368946
20.376712
20.386268
20.397625
20.406067
20.417215
20.423283
20.429706
20.438075
20.451428
20.460146
20.469661
20.477601
20.483092
20.489412
20.501396
20.512604
20.527163
20.535332
20.543398
20.549744
20.560519
20.571572
20.577457
20.586308
20.592251
20.603303
20.616448
20.622379
20.633725
20.644389
20.655044
20.660661
20.667115
20.680820
20.689012
20.699870
20.705658
20.714612
20.723132
20.729094
20.740236
20.751575
20.757846
20.766071
20.771693
20.780476
20.794080
20.800015
20.805777
20.818901
20.824513
20.833144
20.841483
20.855883
20.864519
20.872914
20.884110
20.892332
20.907577
20.913809
20.925179
20.933295
20.944076
20.956999
20.967749
20.978481
20.991562
21.000173
21.011518
21.022038
21.032911
21.048347
21.054036
21.069144
21.080462
21.098883
21.104643
21.117862
21.135339
21.143773
21.162418
21.186187
21.199990
21.221063
21.232590
21.245309
21.262281
21.269993
21.285904
21.304329
21.315600
21.329182
21.351001
21.361572
21.379723
21.393132
21.416980
21.431721
21.450546
21.456497
21.480071
21.491609
21.511603
21.525194
21.546163
21.563446
21.579903
21.598723
21.617405
21.642437
21.658284
21.680833
21.706029
21.725058
21.743003
21.775734
21.804370
21.817167
21.839457
21.861726
21.880447
21.898115
21.920304
21.941292
21.965876
21.989325
22.009169
22.026145
22.038832
22.061889
22.084740
22.108910
22.130444
22.151502
22.172198
22.187489
22.202255
22.223351
22.243647
22.266836
22.288750
22.310395
22.334506
22.363790
22.389999
22.400642
22.426040
22.451092
22.472926
22.496936
22.509886
22.536510
22.555519
22.588687
22.614187
22.640014
22.658485
22.681884
22.702738
22.724524
22.746777
22.760360
22.788603
22.810286
22.828380
22.854099
22.862711
22.886711
22.900017
22.922962
22.931425
22.957477
22.972914
22.998546
23.024837
23.033191
23.056052
23.076368
23.099744
23.113526
23.133456
23.153454
23.171162
23.187089
23.205805
23.219372
23.232767
23.249045
23.266913
23.282954
23.303312
23.321349
23.338433
23.351936
23.371482
23.398154
23.408876
23.427906
23.449432
23.465139
23.478584
23.494653
23.515205
23.532041
23.547113
23.566340
23.582297
23.595952
23.618692
23.631125
23.645819
23.657090
23.671576
23.684575
23.695477
23.711631
23.728330
23.738937
23.753764
23.768518
23.774162
23.797522
23.803702
23.819526
23.835887
23.846496
23.862724
23.870832
23.888038
23.896169
23.909343
23.922162
23.936036
23.942406
23.950750
23.966741
23.982699
23.988326
23.997017
24.012817
24.018528
24.036828
24.045333
24.058836
24.071959
24.082703
24.102058
24.107312
24.120248
24.128694
24.147313
24.155323
24.166174
24.177366
24.195743
24.201876
24.214996
24.223911
24.241872
24.248333
24.265318
24.281286
24.294648
24.310965
24.321596
24.332316
24.350564
24.356058
24.372133
24.389954
24.403870
24.412268
24.418049
24.434114
24.440209
24.448187
24.464194
24.477594
24.485550
24.499341
24.510549
24.523797
24.529748
24.542971
24.556819
24.570369
24.581533
24.599665
24.613771
24.621681
24.642653
24.658416
24.671272
24.682107
24.695366
24.703455
24.716414
24.729234
24.749334
24.755471
24.774138
24.782371
24.798853
24.812317
24.827870
24.837672
24.856332
24.867755
24.886756
24.897365
24.908447
24.934086
24.940549
24.961602
24.970346
24.990229
25.005735
25.029293
25.044128
25.058713
25.074127
25.084845
25.105113
25.120922
25.136281
25.154353
25.167470
25.191854
25.202657
25.223921
25.250401
25.262803
25.288937
25.305047
25.323852
25.345714
25.366861
25.384700
25.400747
25.421560
25.435910
25.459115
25.472111
25.493417
25.511081
25.526835
25.550389
25.563631
25.580034
25.588708
25.609427
25.627972
25.639364
25.664458
25.684513
25.697936
25.716491
25.736354
25.751155
25.777209
25.800857
25.820433
25.841111
25.858131
25.877778
25.888563
25.909410
25.923751
25.950525
25.967594
25.983153
26.011664
26.032335
26.050623
26.075173
26.097458
26.118199
26.144231
26.156280
26.173767
26.197975
26.213818
26.232076
26.248201
26.269238
26.290512
26.311437
26.332835
26.350533
26.366149
26.385348
26.404230
26.427579
26.443968
26.465108
26.480516
26.498733
26.506742
26.534173
26.545314
26.564788
26.578298
26.598625
26.622102
26.641947
26.663500
26.677131
26.697956
26.716119
26.728400
26.747095
26.759571
26.775056
26.798466
26.815844
26.831363
26.846325
26.861884
26.872854
26.901115
26.919603
26.941318
26.952473
26.964905
26.991115
27.002249
27.018988
27.029950
27.049463
27.055126
27.076232
27.087447
27.104962
27.115778
27.137215
27.154899
27.165594
27.178394
27.189217
27.207610
27.228399
27.246498
27.257634
27.276402
27.292997
27.304327
27.317912
27.331381
27.344617
27.362396
27.371158
27.386643
27.406086
27.414028
27.436209
27.442210
27.459009
27.477465
27.491314
27.503925
27.512384
27.536188
27.542480
27.555815
27.568880
27.582730
27.591158
27.612038
27.623850
27.629710
27.651440
27.657034
27.667864
27.684359
27.694777
27.704441
27.728289
27.734630
27.752469
27.766396
27.774857
27.790284
27.795874
27.820342
27.831146
27.842122
27.860285
27.871066
27.881889
27.893124
27.910891
27.919589
27.932306
27.950480
27.960249
27.976820
27.985351
28.001970
28.017885
28.031199
28.043959
28.062137
28.067741
28.084063
28.099416
28.116387
28.125132
28.140907
28.154060
28.169495
28.175988
28.195844
28.206516
28.222423
28.238564
28.257370
28.265803
28.279143
28.291798
28.305590
28.313739
28.331920
28.348096
28.359091
28.374643
28.380335
28.403276
28.413993
28.430107
28.441193
28.454888
28.468561
28.486170
28.491590
28.507487
28.515764
28.536446
28.552548
28.560826
28.576125
28.594096
28.606243
28.626873
28.645051
28.660993
28.678230
28.698800
28.707640
28.731757
28.742270
28.759312
28.777605
28.802020
28.814422
28.827948
28.843552
28.859109
28.879552
28.887579
28.903348
28.927150
28.937848
28.956085
28.966840
28.986299
29.004836
29.022656
29.036723
29.056836
29.073090
29.096908
29.122037
29.127229
29.149355
29.161127
29.179197
29.195439
29.218563
29.234181
29.244908
29.275947
29.285221
29.301019
29.320536
29.339229
29.362021
29.377960
29.400721
29.416625
29.438445
29.451942
29.465348
29.488438
29.504580
29.525266
29.543938
29.556274
29.574862
29.585435
29.613862
29.627323
29.646636
29.668025
29.683713
29.709736
29.723867
29.739058
29.763508
29.774469
29.804612
29.816402
29.834626
29.850473
29.872369
29.878917
29.907575
29.927277
29.940782
29.963414
29.974909
30.007694
30.018370
30.035368
30.043713
30.069188
30.080461
30.101489
30.109528
30.128575
30.151425
30.164513
30.183766
30.196879
30.215229
30.225707
30.244839
30.256023
30.275811
30.298844
30.309805
30.325322
30.336296
30.355967
30.365413
30.383707
30.399878
30.416647
30.432691
30.453444
30.462200
30.481043
30.504497
30.530475
30.551189
30.563038
30.573900
30.588859
30.609959
30.632775
30.645723
30.659693
30.672605
30.688598
30.699838
30.726074
30.739567
30.752544
30.769602
30.780478
30.795879
30.815219
30.829137
30.847873
30.856167
30.870421
30.888724
30.900092
30.920910
30.934325
30.952253
30.968325
30.986843
31.002892
31.021299
31.029107
31.046063
31.061669
31.078843
31.089369
31.107686
31.123225
31.137050
31.150760
31.164273
31.179857
31.192997
31.203941
31.228643
31.234839
31.257888
31.266205
31.277309
31.291790
31.302195
31.318203
31.326745
31.343035
31.355567
31.375467
31.385889
31.396950
31.410177
31.421422
31.435128
31.452766
31.466635
31.482372
31.493511
31.509266
31.525027
31.543529
31.557459
31.582746
31.591966
31.600568
31.613573
31.626501
31.634206
31.650097
31.663456
31.677374
31.690236
31.703178
31.708764
31.724931
31.743768
31.757293
31.770855
31.785189
31.800198
31.813686
31.826979
31.838716
31.847421
31.866279
31.879605
31.888062
31.900336
31.908659
31.927031
31.939963
31.964328
31.977203
31.996413
32.007251
32.023569
32.031635
32.052935
32.074983
32.085212
32.100943
32.119562
32.130863
32.150897
32.159118
32.179595
32.185070
32.202189
32.208412
32.239253
32.244905
32.265792
32.282361
32.303732
32.315867
32.336551
32.360923
32.374856
32.392951
32.406294
32.420338
32.441352
32.457806
32.468280
32.488485
32.509558
32.520917
32.543362
32.557129
32.579177
32.592106
32.613107
32.624662
32.649380
32.670275
32.687684
32.701261
32.725210
32.740951
32.757267
32.765654
32.800493
32.817064
32.844551
32.855879
32.880626
32.891786
32.912579
32.926923
32.951489
32.965164
32.987072
33.002546
33.026008
33.034054
33.052206
33.060932
33.082149
33.099816
33.115606
33.128566
33.149774
33.161367
33.178281
33.189234
33.208762
33.233672
33.246539
33.255142
33.278006
33.290952
33.317328
33.325933
33.345744
33.366777
33.382968
33.411154
33.427479
33.435891
33.462716
33.475496
33.496769
33.519933
33.535853
33.554480
33.576585
33.587454
33.600758
33.619315
33.640232
33.656626
33.672021
33.684916
33.695735
33.708927
33.729154
33.746973
33.766948
33.777322
33.800671
33.813965
33.827123
33.837750
33.861300
33.875711
33.891912
33.917106
33.933897
33.957457
33.968670
33.983273
34.006206
34.017408
34.034836
34.050724
34.066185
34.085401
34.104729
34.126077
34.137307
34.160492
34.169091
34.185918
34.196753
34.207945
34.222561
34.243243
34.256094
34.271797
34.292495
34.301054
34.314358
34.330479
34.348201
34.366219
34.376942
34.384921
34.406014
34.417202
34.430871
34.447686
34.468845
34.491974
34.500846
34.519889
34.528119
34.544332
34.560958
34.579342
34.590500
34.603938
34.619374
34.635307
34.648925
34.664380
34.676076
34.689960
34.703744
34.717093
34.730327
34.741110
34.752236
34.764590
34.782383
34.787737
34.803703
34.815386
34.831539
34.849548
34.855462
34.871824
34.880404
34.896100
34.907266
34.920655
34.933934
34.946823
34.962047
34.973009
34.989283
35.005124
35.022370
35.031036
35.047220
35.065962
35.082595
35.096389
35.108748
35.123370
35.133192
35.146773
35.160162
35.183907
35.195184
35.214144
35.222589
35.236801
35.252911
35.267130
35.283030
35.293128
35.308938
35.332772
35.344543
35.362348
35.383776
35.394087
35.413172
35.421841
35.441714
35.452212
35.470180
35.485289
35.498958
35.510145
35.525708
35.543994
35.554112
35.571843
35.585731
35.603981
35.622004
35.643276
35.659007
35.672291
35.688613
35.706173
35.716830
35.741321
35.755202
35.770829
35.778842
35.797033
35.811418
35.829390
35.838178
35.855007
35.885945
35.893782
35.911825
35.927701
35.946369
35.952294
35.974980
35.980454
36.004061
36.022866
36.045749
36.057309
36.076434
36.085265
36.101945
36.114850
36.134235
36.147405
36.168621
36.185254
36.205937
36.226388
36.244596
36.265896
36.279219
36.292299
36.306262
36.324335
36.345845
36.369048
36.379917
36.398357
36.411579
36.436196
36.458147
36.478827
36.496109
36.513499
36.531271
36.546478
36.564563
36.577652
36.590884
36.606278
36.621248
36.639063
36.662204
36.670237
36.686102
36.703562
36.719255
36.736737
36.757492
36.772482
36.795512
36.816810
36.831519
36.857208
36.875798
36.894478
36.915287
36.938700
36.956305
36.976409
36.986843
37.002799
37.017408
37.035694
37.051408
37.065299
37.079113
37.096810
37.115041
37.129287
37.157808
37.181388
37.192438
37.212937
37.231620
37.244747
37.268139
37.283506
37.299796
37.318680
37.332526
37.354565
37.362310
37.389711
37.403223
37.416670
37.429739
37.443128
37.458710
37.474731
37.495586
37.513539
37.524549
37.538976
37.558438
37.573683
37.591924
37.601819
37.617513
37.628369
37.644836
37.660540
37.673815
37.687071
37.700324
37.713388
37.734110
37.750049
37.765591
37.777560
37.790833
37.800994
37.814891
37.834910
37.845114
37.863931
37.879978
37.888073
37.907438
37.921427
37.939413
37.948250
37.971230
37.983075
38.003464
38.016211
38.034167
38.044996
38.063407
38.074751
38.085247
38.102267
38.113769
38.134740
38.145962
38.159453
38.167523
38.181604
38.189262
38.203004
38.220889
38.226278
38.249604
38.256614
38.276235
38.283925
38.305024
38.313946
38.324451
38.334164
38.352666
38.358986
38.380082
38.387166
38.406731
38.418019
38.441876
38.455621
38.471319
38.484372
38.495166
38.508214
38.527727
38.547634
38.567138
38.577973
38.588252
38.602960
38.612407
38.630838
38.641829
38.658903
38.667196
38.683334
38.694623
38.709984
38.718852
38.741758
38.757771
38.774014
38.787458
38.805708
38.822107
38.838970
38.858278
38.874226
38.889892
38.904947
38.915532
38.933823
38.947119
38.960254
38.978543
38.987201
39.005442
39.019556
39.037572
39.049673
39.065915
39.079290
39.102928
39.114188
39.133742
39.139976
39.158465
39.169652
39.183944
39.202586
39.215501
39.232618
39.245485
39.256393
39.271858
39.283560
39.299661
39.321860
39.337816
39.355786
39.375100
39.391888
39.409096
39.422501
39.444118
39.466640
39.487533
39.501467
39.522310
39.532667
39.546498
39.564335
39.579212
39.595422
39.611876
39.625457
39.643593
39.656677
39.682356
39.695701
39.715259
39.731882
39.742670
39.772425
39.787993
39.805046
39.819323
39.837727
39.851400
39.869242
39.890556
39.904117
39.923769
39.939291
39.952595
39.978572
39.996142
40.019406
40.032474
40.050991
40.071456
40.085439
40.099200
40.112755
40.129203
40.141410
40.164809
40.178299
40.195772
40.216575
40.229774
40.251226
40.259983
40.278672
40.292269
40.314781
40.330467
40.350822
40.359398
40.383028
40.394559
40.412564
40.424232
40.444473
40.462725
40.476874
40.502573
40.519727
40.535152
40.558946
40.572239
40.583462
40.598915
40.622397
40.635783
40.654496
40.662924
40.676106
40.695290
40.718968
40.734402
40.753476
40.769407
40.785242
40.799809
40.820269
40.836706
40.860515
40.871092
40.887151
40.895178
40.914257
40.932946
40.946194
40.967723
40.981812
41.003936
41.012643
41.025104
41.033936
41.058701
41.072026
41.090411
41.104888
41.120214
41.135333
41.156125
41.169817
41.183390
41.205289
41.223574
41.231951
41.251154
41.259762
41.284718
41.290589
41.311075
41.317620
41.340915
41.355632
41.364999
41.382007
41.397285
41.411007
41.433960
41.446774
41.463924
41.476982
41.490540
41.509794
41.525005
41.547921
41.563776
41.577946
41.599031
41.610199
41.625944
41.638953
41.649697
41.663699
41.674541
41.693988
41.703855
41.719240
41.729972
41.746179
41.757754
41.776904
41.787566
41.799619
41.818165
41.829345
41.843070
41.858532
41.871361
41.886158
41.900837
41.916505
41.931806
41.947811
41.961198
41.976765
41.990482
42.011488
42.017353
42.035957
42.047168
42.062652
42.078907
42.090957
42.102166
42.112625
42.124613
42.140011
42.156214
42.174716
42.190634
42.202609
42.214394
42.235955
42.257119
42.270515
42.283647
42.295614
42.314020
42.330394
42.338543
42.351237
42.366251
42.379201
42.395071
42.406382
42.428379
42.444428
42.460155
42.474703
42.496249
42.504482
42.531139
42.542652
42.565668
42.574380
42.589821
42.609039
42.622353
42.644939
42.659411
42.679920
42.692837
42.713142
42.724058
42.740283
42.752898
42.767469
42.778028
42.791155
42.805145
42.818216
42.837342
42.851769
42.869872
42.888045
42.898715
42.930642
42.947173
42.960806
42.978398
42.995025
43.010907
43.031621
43.044602
43.063937
43.077107
43.103701
43.117189
43.133088
43.149353
43.162858
43.186824
43.210724
43.216731
43.235166
43.256236
43.273999
43.292215
43.306350
43.319344
43.337657
43.353261
43.361170
43.381485
43.398281
43.413408
43.431430
43.439297
43.458321
43.476260
43.488965
43.511100
43.527417
43.545517
43.557648
43.574071
43.591637
43.610388
43.622896
43.633391
43.651431
43.667702
43.683591
43.707004
43.730588
43.753542
43.771707
43.785001
43.804629
43.820783
43.847121
43.853354
43.873686
43.884578
43.910306
43.918223
43.932049
43.947651
43.975717
43.983499
44.001626
44.020927
44.035951
44.058922
44.071601
44.083449
44.096600
44.116999
44.135440
44.153865
44.170679
44.181518
44.193663
44.209741
44.230418
44.244250
44.264194
44.276849
44.287318
44.307551
44.320527
44.333336
44.351324
44.364373
44.374997
44.381876
44.403109
44.418992
44.435478
44.446106
44.459000
44.473048
44.483806
44.506601
44.522390
44.535499
44.546119
44.559279
44.573153
44.583943
44.600508
44.612400
44.634757
44.640967
44.656281
44.672225
44.692272
44.700342
44.716479
44.723642
44.739814
44.766129
44.784642
44.792033
44.810713
44.830480
44.838452
44.861889
44.867611
44.883301
44.894125
44.907195
44.926882
44.937849
44.951298
44.967057
44.985232
44.999553
45.015455
45.029015
45.049822
45.067855
45.076504
45.087119
45.102316
45.118348
45.136918
45.150465
45.162788
45.188800
45.207091
45.224189
45.237483
45.260842
45.271823
45.287023
45.295719
45.316690
45.332071
45.342841
45.360016
45.374335
45.385340
45.395742
45.411587
45.425096
45.436059
45.450883
45.461128
45.473931
45.486856
45.499895
45.514900
45.535057
45.553047
45.578488
45.592279
45.608011
45.627273
45.647567
45.662350
45.675951
45.691781
45.709375
45.730226
45.754242
45.762256
45.780416
45.793651
45.806971
45.820275
45.843248
45.863358
45.884942
45.898523
45.914281
45.930391
45.950358
45.960687
45.975377
45.995300
46.003560
46.034528
46.046353
46.060285
46.073989
46.101014
46.114443
46.128165
46.141440
46.165289
46.176425
46.193421
46.201161
46.216902
46.235473
46.256770
46.272412
46.287891
46.296436
46.318343
46.334894
46.349365
46.363683
46.374625
46.395193
46.407060
46.424368
46.432918
46.445183
46.463627
46.477094
46.488157
46.506215
46.529551
46.547932
46.566416
46.577682
46.595477
46.602029
46.617931
46.634549
46.648717
46.660506
46.676521
46.692820
46.718884
46.731107
46.749680
46.764569
46.778092
46.790783
46.801751
46.818206
46.831184
46.862963
46.869269
46.892099
46.898675
46.923916
46.934421
46.952439
46.960511
46.978671
46.994286
47.014607
47.033622
47.046532
47.062631
47.075967
47.088245
47.104095
47.121804
47.135543
47.150796
47.159260
47.176546
47.197402
47.213120
47.231309
47.249731
47.260658
47.283292
47.301243
47.316703
47.327376
47.340829
47.360538
47.379336
47.404265
47.419177
47.429566
47.444344
47.465448
47.479772
47.497811
47.516210
47.532450
47.542529
47.556222
47.575930
47.600592
47.612865
47.628367
47.636137
47.651931
47.663355
47.684158
47.704757
47.710665
47.728950
47.744729
47.761027
47.773382
47.787895
47.806482
47.833401
47.844389
47.857794
47.870063
47.885545
47.896426
47.920324
47.930664
47.943553
47.959540
47.969827
47.984973
47.999555
48.030993
48.053000
48.076444
48.096397
48.106907
48.125135
48.137422
48.153179
48.171611
48.191246
48.199314
48.217545
48.235822
48.250947
48.267057
48.280484
48.297080
48.316181
48.329962
48.340594
48.353615
48.365796
48.386342
48.414212
48.427181
48.438070
48.451168
48.464684
48.482493
48.500460
48.519413
48.540634
48.552881
48.570800
48.579388
48.600410
48.613741
48.633530
48.649947
48.666005
48.686949
48.696879
48.717639
48.733156
48.749446
48.767595
48.782712
48.791122
48.809650
48.826236
48.837780
48.858024
48.868992
48.888538
48.899905
48.915620
48.925678
48.948803
48.962980
48.980928
48.998886
49.009849
49.038898
49.051678
49.069955
49.086202
49.106201
49.114733
49.125980
49.147118
49.160427
49.171727
49.186369
49.198493
49.213752
49.231856
49.254376
49.268123
49.281380
49.293579
49.312098
49.323158
49.343897
49.351932
49.367938
49.391136
49.410504
49.426418
49.444568
49.462590
49.480900
49.491959
49.511714
49.530366
49.546778
49.562588
49.580973
49.590327
49.611581
49.625953
49.652523
49.668409
49.686585
49.708449
49.727654
49.740481
49.769082
49.782260
49.796344
49.807141
49.830171
49.841117
49.856436
49.872649
49.894707
49.902762
49.922120
49.937867
49.956430
49.969927
49.978158
49.992481
50.009576
50.025303
50.036292
50.049603
50.063275
50.084440
50.102918
50.115236
50.135806
50.149062
50.167176
50.175262
50.195651
50.211062
50.223801
50.244985
50.266349
50.282900
50.305936
50.321079
50.332914
50.346993
50.365076
50.377173
50.399916
50.414875
50.429260
50.450577
50.461920
50.480829
50.495361
50.511553
50.530264
50.540818
50.563249
50.576721
50.594968
50.618352
50.634089
50.659128
50.672830
50.686383
50.709338
50.724653
50.739526
50.756050
50.774756
50.784978
50.800692
50.832066
50.843390
50.853998
50.871047
50.889312
50.903408
50.920334
50.938685
50.953294
50.967556
50.982822
50.993566
51.009800
51.023370
51.036497
51.057654
51.081438
51.091876
51.115091
51.126042
51.150981
51.159871
51.183139
51.197047
51.211724
51.222461
51.234454
51.258306
51.266328
51.280151
51.300159
51.314981
51.333261
51.349220
51.374915
51.398326
51.413761
51.437169
51.455535
51.477810
51.489062
51.509964
51.523519
51.541880
51.547794
51.567191
51.580337
51.592062
51.605037
51.626177
51.648160
51.663461
51.679257
51.694226
51.710124
51.720977
51.740548
51.754453
51.767517
51.783982
51.803648
51.820684
51.834246
51.849942
51.860789
51.887749
51.900650
51.911501
51.925665
51.938672
51.957692
51.966137
51.984509
51.997733
52.008533
52.026112
52.046995
52.059463
52.074911
52.085904
52.106484
52.122513
52.140262
52.163472
52.174317
52.187747
52.207369
52.223798
52.249284
52.267313
52.280939
52.295650
52.309646
52.326146
52.355315
52.387070
52.414454
52.425241
52.444356
52.459370
52.475076
52.493281
52.509041
52.524682
52.545985
52.560933
52.576204
52.588481
52.606789
52.627874
52.647200
52.675705
52.681919
52.704818
52.717803
52.730913
52.748255
52.765818
52.783325
52.797009
52.812601
52.839240
52.855077
52.872498
52.878779
52.902680
52.914032
52.938081
52.948675
52.963393
52.977037
52.994948
53.006749
53.023845
53.044437
53.057768
53.074104
53.091817
53.107688
53.121765
53.139655
53.153615
53.164264
53.183543
53.203704
53.215867
53.234279
53.246566
53.259780
53.270010
53.287872
53.301094
53.315101
53.332013
53.349247
53.363883
53.379594
53.389952
53.407270
53.422831
53.444369
53.456226
53.477328
53.492075
53.502555
53.525992
53.534271
53.554995
53.573383
53.593918
53.610387
53.623854
53.637090
53.657804
53.678804
53.686675
53.715181
53.731107
53.749494
53.762806
53.784618
53.799803
53.823258
53.835350
53.850798
53.872436
53.880099
53.892977
53.914074
53.925275
53.946230
53.959952
53.979838
53.985855
54.012662
54.041147
54.052090
54.063521
54.076216
54.092102
54.107762
54.131217
54.143846
54.164838
54.181820
54.191727
54.209438
54.227505
54.238401
54.251454
54.270749
54.285783
54.305763
54.322244
54.330066
54.345885
54.356376
54.369647
54.385691
54.403541
54.409350
54.429818
54.443298
54.458587
54.479734
54.495385
54.508427
54.521317
54.542416
54.551360
54.578720
54.585040
54.600652
54.611593
54.628002
54.644718
54.659970
54.678032
54.687046
54.702851
54.716797
54.732670
54.758586
54.774015
54.782621
54.802554
54.820405
54.831437
54.854113
54.871042
54.889331
54.903298
54.919414
54.927526
54.944869
54.967447
54.983326
55.012383
55.020734
55.043248
55.054493
55.070212
55.088739
55.109655
55.122161
55.138061
55.154364
55.169080
55.182576
55.202342
55.217852
55.231946
55.248023
55.261171
55.284738
55.300103
55.313055
55.323994
55.340303
55.356065
55.374196
55.392457
55.401030
55.416546
55.425218
55.443871
55.454378
55.475475
55.490991
55.506953
55.520070
55.531906
55.553195
55.561354
55.577295
55.591582
55.605455
55.620161
55.638709
55.652010
55.660860
55.682864
55.691395
55.715302
55.730985
55.748072
55.766525
55.781790
55.797701
55.815966
55.837137
55.854040
55.873064
55.887822
55.903398
55.923416
55.928852
55.944689
55.954938
55.978193
55.994244
56.013201
56.026870
56.045740
56.071881
56.090698
56.109368
56.122841
56.141119
56.154080
56.165908
56.178919
56.194049
56.209003
56.226629
56.242386
56.256538
56.276601
56.292492
56.303641
56.321381
56.335112
56.352910
56.362424
56.383159
56.398108
56.424058
56.437951
56.451744
56.472731
56.481391
56.496972
56.506627
56.526037
56.531730
56.552180
56.561013
56.585021
56.598766
56.617380
56.632836
56.645565
56.659348
56.670084
56.686471
56.705272
56.721113
56.739732
56.753046
56.773809
56.786818
56.808111
56.818855
56.847268
56.857055
56.871714
56.890386
56.908706
56.929931
56.941458
56.954273
56.977522
56.996276
57.017077
57.035517
57.052868
57.068684
57.081772
57.096752
57.114902
57.127738
57.145998
57.157242
57.167712
57.183606
57.196740
57.221190
57.240272
57.254092
57.266668
57.279526
57.297644
57.310990
57.328435
57.344197
57.364926
57.379345
57.403754
57.409589
57.430212
57.441104
57.464623
57.475158
57.491360
57.502589
57.518472
57.531328
57.551722
57.562906
57.580365
57.594011
57.604658
57.620471
57.632738
57.653451
57.663915
57.679980
57.694495
57.706901
57.726664
57.751338
57.764625
57.780861
57.798879
57.812709
57.828424
57.842785
57.868528
57.877258
57.896136
57.904638
57.919087
57.936397
57.954909
57.971253
57.980775
57.991883
58.005335
58.018481
58.029398
58.039412
58.060301
58.068643
58.083026
58.101184
58.120828
58.131865
58.155599
58.175228
58.180976
58.202385
58.213019
58.226807
58.237208
58.251136
58.265918
58.282102
58.301095
58.316731
58.329668
58.346730
58.357264
58.375277
58.386026
58.400106
58.421141
58.436539
58.447286
58.463543
58.474218
58.497567
58.515972
58.532241
58.550627
58.569016
58.579957
58.605945
58.614203
58.627355
58.637459
58.664008
58.672292
58.692851
58.710160
58.723702
58.744194
58.770085
58.791343
58.804972
58.830148
58.845818
58.861132
58.871943
58.896549
58.912274
58.932784
58.941526
58.962278
58.988813
59.003472
59.016724
59.028947
59.042259
59.055661
59.074170
59.101952
59.117909
59.128908
59.144456
59.164618
59.175116
59.188030
59.203257
59.215128
59.231343
59.249277
59.265293
59.279742
59.290880
59.311510
59.322671
59.338404
59.348120
59.357396
59.373549
59.385982
59.406873
59.419914
59.435995
59.457543
59.473974
59.492851
59.512749
59.526187
59.544924
59.555052
59.581358
59.595833
59.614252
59.625260
59.638829
59.660309
59.681515
59.699891
59.713369
59.725603
59.739045
59.761973
59.776032
59.786741
59.810176
59.819959
59.835667
59.847506
59.862787
59.880986
59.892319
59.909860
59.931937
59.947567
59.961725
59.972724
59.988072
59.999091
60.013663
